           0.041666666667            0.123214559084            0.838131115587
           0.044217687075            0.106795396532            0.858442499438
           0.046768707483            0.121991758377            0.854050420655
           0.049319727891            0.115530045436            0.849031385470
           0.051870748299            0.120747882149            0.843798388738
           0.054421768707            0.123411350598            0.837967497805
           0.056972789116            0.117697559946            0.831366491679
           0.059523809524            0.122486045529            0.823828031700
           0.062074829932            0.127111986699            0.814365327824
           0.064625850340            0.123629774019            0.793887654894
           0.067176870748            0.134304572661            0.785492914891
           0.069727891156            0.127333302766            0.778773015713
           0.072278911565            0.138758583406            0.770734675913
           0.074829931973            0.137912855244            0.760548214998
           0.077380952381            0.139432395269            0.747022156292
           0.079931972789            0.145958097961            0.716435603477
           0.082482993197            0.143750835709            0.681948975986
           0.085034013605            0.155043992991            0.608184642459
           0.087585034014            0.153063096880            0.217968198481
           0.090136054422            0.148777683256            0.184142948699
           0.092687074830            0.151364628488            0.182502597028
           0.095238095238            0.172994390617            0.164541148893
           0.097789115646            0.157482420996            0.173608005724
           0.100340136054            0.158558879798            0.156869776376
           0.102891156463            0.173818044496            0.165807070346
           0.105442176871            0.178317962233            0.169842073815
           0.107993197279            0.168868370971            0.153205476547
           0.110544217687            0.172075518288            0.152872937591
           0.113095238095            0.168885351300            0.160346823430
           0.115646258503            0.192588454077            0.152440191057
           0.118197278912            0.185159294406            0.148813983347
           0.120748299320            0.189570701951            0.150383043477
           0.123299319728            0.215505309803            0.145611479986
           0.125850340136            0.215640439474            0.155612742047
           0.128401360544            0.653895107945            0.139754034698
           0.130952380952            0.731098985776            0.138832075121
           0.133503401361            0.758258268777            0.136180494666
           0.136054421769            0.770849540707            0.137512669571
           0.138605442177            0.779537112001            0.131214122547
           0.141156462585            0.785604761750            0.128123293711
           0.143707482993            0.793514401031            0.125536592049
           0.146258503401            0.814000540923            0.122588361895
           0.148809523810            0.823624642854            0.126344724145
           0.151360544218            0.831301312214            0.121311657301
           0.153911564626            0.837901347154            0.123009067895
           0.156462585034            0.843757221996            0.117170697184
           0.159013605442            0.848999992332            0.115111685359
           0.161564625850            0.854041339093            0.122736277275
           0.164115646259            0.858423356674            0.117712917051
           0.166666666667            0.862662295503            0.114408957852
